Aktion: Patrol
----------------------------------------------
Patrol infos nur für owner of rec???

Aufbau:
----------------------------------------------
Länge (Bytes): var (je nach truppenstärke)
----------------------------------------------
- var Bytes:
----------------------------------------------
15           -> cmd typ
0F           -> anzahl units (15)
01 00        -> wegpunkte
AB EA B6 42  -> anfangspunkt (ab hier 20 * 4 bytes ka was das is)
00 00 00 00  -> ???
00 00 00 00 
00 00 00 00 
00 00 00 00 
00 00 00 00 
00 00 00 00 
00 00 00 00 
00 00 00 00 
00 00 00 00 
55 55 7D 42 -> endpunkt
00 00 00 00 
00 00 00 00 
00 00 00 00 
00 00 00 00 
00 00 00 00 
00 00 00 00 
00 00 00 00 
00 00 00 00 
00 00 00 00 
0C 00 00 00 -> unit ids - 1
0D 00 00 00             - 2
0B 00 00 00    		- 3
05 00 00 00    		- 4
0A 00 00 00    		- 5
00 00 00 00    		- 6
06 00 00 00    		- 7
0E 00 00 00    		- 8
01 00 00 00    		- 9
07 00 00 00    		- 10
02 00 00 00    		- 11
04 00 00 00    		- 12
03 00 00 00    		- 13
08 00 00 00    		- 14
09 00 00 00    		- 15
35 25 00 00 -> end const
----------------------------------------------
(9 waypoints)

15          -> cmd typ
0F          -> anzahl units
09 00       -> waypoints
55 E5 A9 42 -> x/y anfang? nur x werte
AB DA B1 42 |
55 05 BC 42 |
55 C5 BD 42 |
AB AA B4 42 |
AB DA AC 42 |
55 B5 A4 42 |
AB 1A 9C 42 |
00 B0 94 42 |
00 00 00 00 |
55 75 62 42 -> x/y end? nur y werte?
00 60 5F 42 |
AB 8A 5D 42 |
AB 8A 69 42 |
AB AA 74 42 |
AB 0A 78 42 |
00 C0 77 42 |
00 60 7B 42 |
00 E0 71 42 |
00 00 00 00 |
0C 00 00 00 -> unit ids
08 00 00 00        |
0A 00 00 00        |
0D 00 00 00        |
0B 00 00 00        |
0E 00 00 00        |
06 00 00 00        |
02 00 00 00        |
09 00 00 00        |
00 00 00 00        |
05 00 00 00        |
07 00 00 00        |
03 00 00 00        |
04 00 00 00        |
01 00 00 00        >
E3 79 00 00 -> end const


(1 wegpoint)

15 
0F 
01 00 
AB 2A B5 42 beginn
00 00 00 00 
00 00 00 00 
00 00 00 00 
00 00 00 00 
00 00 00 00 
00 00 00 00 
00 00 00 00 
00 00 00 00 
00 00 00 00 
AB 2A 69 42 ende
00 00 00 00 
00 00 00 00 
00 00 00 00 
00 00 00 00 
00 00 00 00 
00 00 00 00 
00 00 00 00 
00 00 00 00 
00 00 00 00 
03 00 00 00 
00 00 00 00 
01 00 00 00 
02 00 00 00 
04 00 00 00 
05 00 00 00 
06 00 00 00 
07 00 00 00 
08 00 00 00 
09 00 00 00 
0A 00 00 00 
0B 00 00 00 
0C 00 00 00 
0D 00 00 00 
0E 00 00 00 
AE 15 00 00







